380	0.318755	0.309987667	0.301220333	0.292453	-151.5853054	-227.5285683	-303.4718311	-379.415094	-455.3583569	-531.3016197	-607.2448826	-683.1881455	-759.1314083	-835.0746712	-911.0179341
381	0.325613	0.316790667	0.307968333	0.299146	-151.9759022	-228.1178375	-304.2597727	-380.401708	-456.5436433	-532.6855785	-608.8275138	-684.9694491	-761.1113843	-837.2533196	-913.3952549
382	0.334325	0.32534	0.316355	0.30737	-152.364291	-228.704614	-305.044937	-381.38526	-457.725583	-534.065906	-610.406229	-686.746552	-763.086875	-839.427198	-915.767521
383	0.343022	0.333875	0.324728	0.315581	-152.7526984	-229.2914116	-305.8301248	-382.368838	-458.9075512	-535.4462644	-611.9849776	-688.5236908	-765.062404	-841.6011172	-918.1398304
384	0.350499	0.341187333	0.331875667	0.322564	-153.1428234	-229.8801729	-306.6175225	-383.354872	-460.0922215	-536.8295711	-613.5669206	-690.3042701	-767.0416197	-843.7789692	-920.5163187
385	0.357975	0.348499333	0.339023667	0.329548	-153.5329474	-230.4689329	-307.4049185	-384.340904	-461.2768895	-538.2128751	-615.1488606	-692.0848461	-769.0208317	-845.9568172	-922.8928027
386	0.369727	0.359916	0.350105	0.340294	-153.9177018	-231.0516052	-308.1855086	-385.319412	-462.4533154	-539.5872188	-616.7211222	-693.8550256	-770.988929	-848.1228324	-925.2567358
387	0.388799	0.378361333	0.367923667	0.357486	-154.293257	-231.6238473	-308.9544377	-386.285028	-463.6156183	-540.9462087	-618.276799	-695.6073893	-772.9379797	-850.26857	-927.5991603
388	0.407871	0.396806333	0.385741667	0.374677	-154.6688134	-232.1960909	-309.7233685	-387.250646	-464.7779235	-542.3052011	-619.8324786	-697.3597561	-774.8870337	-852.4143112	-929.9415887
389	0.421812	0.410445	0.399078	0.387711	-155.0503844	-232.7751156	-310.4998468	-388.224578	-465.9493092	-543.6740404	-621.3987716	-699.1235028	-776.848234	-854.5729652	-932.2976964
390	0.433861	0.422310667	0.410760333	0.39921	-155.4341758	-233.3566439	-311.2791119	-389.20158	-467.1240481	-545.0465161	-622.9689842	-700.8914523	-778.8139203	-856.7363884	-934.6588565
391	0.446153	0.434413667	0.422674333	0.410935	-155.8176474	-233.9378083	-312.0579691	-390.17813	-468.2982909	-546.4184517	-624.5386126	-702.6587735	-780.7789343	-858.8990952	-937.0192561
392	0.460715	0.448728667	0.436742333	0.424756	-156.1981498	-234.5155959	-312.8330419	-391.150488	-469.4679341	-547.7853801	-626.1028262	-704.4202723	-782.7377183	-861.0551644	-939.3726105
393	0.475278	0.463044333	0.450810667	0.438577	-156.578652	-235.0933833	-313.6081147	-392.122846	-470.6375773	-549.1523087	-627.66704	-706.1817713	-784.6965027	-863.211234	-941.7259653
394	0.4978	0.484997	0.472194	0.459391	-156.9491708	-235.6598532	-314.3705356	-393.081218	-471.7919004	-550.5025828	-629.2132652	-707.9239476	-786.63463	-865.3453124	-944.0559948
395	0.529374	0.515635333	0.501896667	0.488158	-157.3083356	-236.2134517	-315.1185679	-394.023684	-472.9288001	-551.8339163	-630.7390324	-709.6441485	-788.5492647	-867.4543808	-946.3594969
396	0.560949	0.546274	0.531599	0.516924	-157.6675014	-236.7670516	-315.8666018	-394.966152	-474.0657022	-553.1652524	-632.2648026	-711.3643528	-790.463903	-869.5634532	-948.6630034
397	0.600107	0.585030333	0.569953667	0.554877	-158.0141262	-237.3061661	-316.5982061	-395.890246	-475.1822859	-554.4743259	-633.7663658	-713.0584057	-792.3504457	-871.6424856	-950.9345255
398	0.640673	0.625293667	0.609914333	0.594535	-158.3584234	-237.8425923	-317.3267611	-396.81093	-476.2950989	-555.7792677	-635.2634366	-714.7476055	-794.2317743	-873.7159432	-953.2001121
399	0.681243	0.665434333	0.649625667	0.633817	-158.703171	-238.3795693	-318.0559677	-397.732366	-477.4087643	-557.0851627	-636.761561	-716.4379593	-796.1143577	-875.790756	-955.4671543
400	0.72183	0.70515	0.68847	0.67179	-159.049486	-238.918464	-318.787442	-398.65642	-478.525398	-558.394376	-638.263354	-718.132332	-798.00131	-877.870288	-957.739266
401	0.762416	0.744865	0.727314	0.709763	-159.3958012	-239.4573588	-319.5189164	-399.580474	-479.6420316	-559.7035892	-639.7651468	-719.8267044	-799.888262	-879.9498196	-960.0113772
402	0.801742	0.782975	0.764208	0.745441	-159.7451224	-239.9997876	-320.2544528	-400.509118	-480.7637832	-561.0184484	-641.2731136	-721.5277788	-801.782444	-882.0371092	-962.2917744
403	0.83728	0.817145	0.79701	0.776875	-160.100294	-240.548946	-320.997598	-401.44625	-481.894902	-562.343554	-642.792206	-723.240858	-803.68951	-884.138162	-964.586814
404	0.872942	0.851438	0.829934	0.80843	-160.4552956	-241.0979104	-321.7405252	-402.38314	-483.0257548	-563.6683696	-644.3109844	-724.9535992	-805.596214	-886.2388288	-966.8814436
405	0.883449	0.862023333	0.840597667	0.819172	-160.8403038	-241.6807545	-322.5212053	-403.361656	-484.2021067	-565.0425575	-645.8830082	-726.7234589	-807.5639097	-888.4043604	-969.2448111
406	0.893873	0.872528	0.851183	0.829838	-161.2254198	-242.2637212	-323.3020226	-404.340324	-485.3786254	-566.4169268	-647.4552282	-728.4935296	-809.531831	-890.5701324	-971.6084338
407	0.901179	0.879814333	0.858449667	0.837085	-161.6152622	-242.8521181	-324.0889741	-405.32583	-486.5626859	-567.7995419	-649.0363978	-730.2732537	-811.5101097	-892.7469656	-973.9838215
408	0.906609	0.884999333	0.863389667	0.84178	-162.0085422	-243.4445081	-324.8804741	-406.31644	-487.7524059	-569.1883719	-650.6243378	-732.0603037	-813.4962697	-894.9322356	-976.3682015
409	0.912146	0.890288	0.86843	0.846572	-162.4016844	-244.0367416	-325.6717988	-407.306856	-488.9419132	-570.5769704	-652.2120276	-733.8470848	-815.482142	-897.1171992	-978.7522564
410	0.921286	0.899195333	0.877104667	0.855014	-162.789726	-244.6231413	-326.4565567	-408.289972	-490.1233873	-571.9568027	-653.790218	-735.6236333	-817.4570487	-899.290464	-981.1238793
411	0.931414	0.909094	0.886774	0.864454	-163.1763724	-245.2079456	-327.2395188	-409.271092	-491.3026652	-573.3342384	-655.3658116	-737.3973848	-819.428958	-901.4605312	-983.4921044
412	0.941267	0.918934	0.896601	0.874268	-163.562625	-245.792238	-328.021851	-410.251464	-492.481077	-574.71069	-656.940303	-739.169916	-821.399529	-903.629142	-985.858755
413	0.949041	0.927619667	0.906198333	0.884777	-163.9484594	-246.3757883	-328.8031171	-411.230446	-493.6577749	-576.0851037	-658.5124326	-740.9397615	-823.3670903	-905.7944192	-988.2217481
414	0.956903	0.936399	0.915895	0.895391	-164.3341502	-246.9591728	-329.5841954	-412.209218	-494.8342406	-577.4592632	-660.0842858	-742.7093084	-825.334331	-907.9593536	-990.5843762
415	0.961353	0.940796667	0.920240333	0.899684	-164.7281086	-247.5522831	-330.3764575	-413.200632	-496.0248065	-578.8489809	-661.6731554	-744.4973299	-827.3215043	-910.1456788	-992.9698533
416	0.957465	0.936351333	0.915237667	0.894124	-165.1355582	-248.1609561	-331.1863541	-414.211752	-497.2371499	-580.2625479	-663.2879458	-746.3133437	-829.3387417	-912.3641396	-995.3895375
417	0.953985	0.932336333	0.910687667	0.889039	-165.5423562	-248.7688781	-331.9954001	-415.221922	-498.4484439	-581.6749659	-664.9014878	-748.1280097	-831.3545317	-914.5810536	-997.8075755
418	0.951326	0.930254667	0.909183333	0.888112	-165.9440004	-249.3705923	-332.7971841	-416.223776	-499.6503679	-583.0769597	-666.5035516	-749.9301435	-833.3567353	-916.7833272	-1000.209919
419	0.953398	0.932806667	0.912215333	0.891624	-166.3393716	-249.9651651	-333.5909585	-417.216752	-500.8425455	-584.4683389	-668.0941324	-751.7199259	-835.3457193	-918.9715128	-1002.597306
420	0.956394	0.935972667	0.915551333	0.89513	-166.7345652	-250.5596235	-334.3846817	-418.20974	-502.0347983	-585.8598565	-669.6849148	-753.5099731	-837.3350313	-921.1600896	-1004.985148
421	0.954079	0.933548	0.913017	0.892486	-167.138201	-251.16381	-335.189419	-419.215028	-503.240637	-587.266246	-671.291855	-755.317464	-839.343073	-923.368682	-1007.394291
422	0.951978	0.931333333	0.910688667	0.890044	-167.5415516	-251.7676717	-335.9937919	-420.219912	-504.4460321	-588.6721523	-672.8982724	-757.1243925	-841.3505127	-925.5766328	-1009.802753
423	0.949749	0.929030333	0.908311667	0.887593	-167.9449386	-252.3715637	-336.7981889	-421.224814	-505.6514391	-590.0780643	-674.5046894	-758.9313145	-843.3579397	-927.7845648	-1012.21119
424	0.94742	0.926636	0.905852	0.885068	-168.3484344	-252.9755776	-337.6027208	-422.229864	-506.8570072	-591.4841504	-676.1112936	-760.7384368	-845.36558	-929.9927232	-1014.619866
425	0.942347	0.921683667	0.901020333	0.880357	-168.7551022	-253.5831635	-338.4112247	-423.239286	-508.0673473	-592.8954085	-677.7234698	-762.5515311	-847.3795923	-932.2076536	-1017.035715
426	0.928634	0.908598667	0.888563333	0.868528	-169.1720396	-254.2023411	-339.2326425	-424.262944	-509.2932455	-594.3235469	-679.3538484	-764.3841499	-849.4144513	-934.4447528	-1019.475054
427	0.915228	0.895812	0.876396	0.85698	-169.5885784	-254.8210656	-340.0535528	-425.28604	-510.5185272	-595.7510144	-680.9835016	-766.2159888	-851.448476	-936.6809632	-1021.91345
428	0.909488	0.890379667	0.871271333	0.852163	-169.9955068	-255.4288959	-340.8622849	-426.295674	-511.7290631	-597.1624521	-682.5958412	-768.0292303	-853.4626193	-938.8960084	-1024.329397
429	0.908345	0.889388	0.870431	0.851474	-170.3965622	-256.0300588	-341.6635554	-427.297052	-512.9305486	-598.5640452	-684.1975418	-769.8310384	-855.464535	-941.0980316	-1026.731528
430	0.909469	0.890530333	0.871591667	0.852653	-170.7949226	-256.6281797	-342.4614369	-428.294694	-514.1279511	-599.9612083	-685.7944654	-771.6277225	-857.4609797	-943.2942368	-1029.127494
431	0.920186	0.900582667	0.880979333	0.861376	-171.1823116	-257.2139571	-343.2456025	-429.277248	-515.3088935	-601.3405389	-687.3721844	-773.4038299	-859.4354753	-945.4671208	-1031.498766
432	0.930699	0.910436	0.890173	0.86991	-171.5699682	-257.8000388	-344.0301094	-430.26018	-516.4902506	-602.7203212	-688.9503918	-775.1804624	-861.410533	-947.6406036	-1033.870674
433	0.942187	0.92215	0.902113	0.882076	-171.9530714	-258.3806636	-344.8082558	-431.235848	-517.6634402	-604.0910324	-690.5186246	-776.9462168	-863.373809	-949.8014012	-1036.228993
434	0.952312	0.933144667	0.913977333	0.89481	-172.3357656	-258.9606371	-345.5855085	-432.21038	-518.8352515	-605.4601229	-692.0849944	-778.7098659	-865.3347373	-951.9596088	-1038.58448
435	0.963204	0.944855667	0.926507333	0.908159	-172.7175684	-259.5396063	-346.3616441	-433.183682	-520.0057199	-606.8277577	-693.6497956	-780.4718335	-867.2938713	-954.1159092	-1040.937947
436	0.987515	0.969120333	0.950725667	0.932331	-173.0836998	-260.1009125	-347.1181253	-434.135338	-521.1525507	-608.1697635	-695.1869762	-782.2041889	-869.2214017	-956.2386144	-1043.255827
437	1.0115	0.993060333	0.974620667	0.956181	-173.4502828	-260.6627345	-347.8751863	-435.087638	-522.3000897	-609.5125415	-696.7249932	-783.9374449	-871.1498967	-958.3623484	-1045.5748
438	1.032717	1.014037	0.995357	0.976677	-173.8214442	-261.2298448	-348.6382454	-436.046646	-523.4550466	-610.8634472	-698.2718478	-785.6802484	-873.088649	-960.4970496	-1047.90545
439	1.052695	1.033546333	1.014397667	0.995249	-174.1951622	-261.7999421	-349.4047221	-437.009502	-524.6142819	-612.2190619	-699.8238418	-787.4286217	-875.0334017	-962.6381816	-1050.242962
440	1.072783	1.053164333	1.033545667	1.013927	-174.568731	-262.3698693	-350.1710077	-437.972146	-525.7732843	-613.5744227	-701.375561	-789.1766993	-876.9778377	-964.778976	-1052.580114
441	1.087727	1.067200667	1.046674333	1.026148	-174.951077	-262.9499527	-350.9488283	-438.947704	-526.9465797	-614.9454553	-702.944331	-790.9432067	-878.9420823	-966.940958	-1054.939834
442	1.100402	1.078991333	1.057580667	1.03617	-175.3365156	-263.5335637	-351.7306119	-439.92766	-528.1247081	-616.3217563	-704.5188044	-792.7158525	-880.9129007	-969.1099488	-1057.306997
443	1.116061	1.094248667	1.072436333	1.050624	-175.716039	-264.1102767	-352.5045143	-440.898752	-529.2929897	-617.6872273	-706.081465	-794.4757027	-882.8699403	-971.264178	-1059.658416
444	1.134102	1.112604333	1.091106667	1.069609	-176.0896488	-264.6800265	-353.2704043	-441.860782	-530.4511597	-619.0415375	-707.6319152	-796.2222929	-884.8126707	-973.4030484	-1061.993426
445	1.152238	1.131039667	1.109841333	1.088643	-176.4631808	-265.2496919	-354.0362029	-442.822714	-531.6092251	-620.3957361	-709.1822472	-797.9687583	-886.7552693	-975.5417804	-1064.328291
446	1.171269	1.149231667	1.127194333	1.105157	-176.8395578	-265.8229339	-354.8063099	-443.789686	-532.7730621	-621.7564381	-710.7398142	-799.7231903	-888.7065663	-977.6899424	-1066.673318
447	1.186817	1.163867667	1.140918333	1.117969	-177.2210738	-266.4020699	-355.5830659	-444.764062	-533.9450581	-623.1260541	-712.3070502	-801.4880463	-890.6690423	-979.8500384	-1069.031034
448	1.196292	1.173042333	1.149792667	1.126543	-177.60889	-266.9882313	-356.3675727	-445.746914	-535.1262553	-624.5055967	-713.884938	-803.2642793	-892.6436207	-982.022962	-1071.402303
449	1.202268	1.179676333	1.157084667	1.134493	-177.9981548	-267.5757745	-357.1533943	-446.731014	-536.3086337	-625.8862535	-715.4638732	-805.0414929	-894.6191127	-984.1967324	-1073.774352
450	1.208557	1.186604	1.164651	1.142698	-178.387051	-268.162902	-357.938753	-447.714604	-537.490455	-627.266306	-717.042157	-806.818008	-896.593859	-986.36971	-1076.145561
451	1.218971	1.197163667	1.175356333	1.153549	-178.771947	-268.7455987	-358.7192503	-448.692902	-538.6665537	-628.6402053	-718.613857	-808.5875087	-898.5611603	-988.534812	-1078.508464
452	1.228946	1.207196667	1.185447333	1.163698	-179.1577732	-269.3293835	-359.5009937	-449.672604	-539.8442143	-630.0158245	-720.1874348	-810.3590451	-900.5306553	-990.7022656	-1080.873876
453	1.2377	1.215987667	1.194275333	1.172563	-179.5453844	-269.9152143	-360.2850441	-450.654874	-541.0247039	-631.3945337	-721.7643636	-812.1341935	-902.5040233	-992.8738532	-1083.243683
454	1.24582	1.224064667	1.202309333	1.180554	-179.9341712	-270.5024115	-361.0706517	-451.638892	-542.2071323	-632.7753725	-723.3436128	-813.9118531	-904.4800933	-995.0483336	-1085.616574
455	1.2542	1.232396	1.210592	1.188788	-180.3226144	-271.0892176	-361.8558208	-452.622424	-543.3890272	-634.1556304	-724.9222336	-815.6888368	-906.45544	-997.2220432	-1087.988646
456	1.257974	1.235943667	1.213913333	1.191883	-180.7181456	-271.6841751	-362.6502045	-453.616234	-544.5822635	-635.5482929	-726.5143224	-817.4803519	-908.4463813	-999.4124108	-1090.37844
457	1.258284	1.236023	1.213762	1.191501	-181.118542	-272.284694	-363.450846	-454.616998	-545.78315	-636.949302	-728.115454	-819.281606	-910.447758	-1001.61391	-1092.780062
458	1.259088	1.236724667	1.214361333	1.191998	-181.5177848	-272.8838579	-364.2499309	-455.616004	-546.9820771	-638.3481501	-729.7142232	-821.0802963	-912.4463693	-1003.812442	-1095.178515
459	1.266661	1.244412333	1.222163667	1.199915	-181.9067698	-273.4712365	-365.0357033	-456.60017	-548.1646367	-639.7291035	-731.2935702	-822.8580369	-914.4225037	-1005.98697	-1097.551437
460	1.274466	1.252324333	1.230182667	1.208041	-182.2954576	-274.0582777	-365.8210979	-457.583918	-549.3467381	-641.1095583	-732.8723784	-824.6351985	-916.3980187	-1008.160839	-1099.923659
461	1.27644	1.254753333	1.233066667	1.21138	-182.691056	-274.6531173	-366.6151787	-458.57724	-550.5393013	-642.5013627	-734.463424	-826.4254853	-918.3875467	-1010.349608	-1102.311669
462	1.278086	1.256929	1.235772	1.214615	-183.0868448	-275.2481532	-367.4094616	-459.57077	-551.7320784	-643.8933868	-736.0546952	-828.2160036	-920.377312	-1012.53862	-1104.699929
463	1.279994	1.259101	1.238208	1.217315	-183.4832232	-275.8439388	-368.2046544	-460.56537	-552.9260856	-645.2868012	-737.6475168	-830.0082324	-922.368948	-1014.729664	-1107.090379
464	1.280315	1.259033333	1.237751667	1.21647	-183.884173	-276.4451353	-369.0060977	-461.56706	-554.1280223	-646.6889847	-739.249947	-831.8109093	-924.3718717	-1016.932834	-1109.493796
465	1.280874	1.259203333	1.237532667	1.215862	-184.2847908	-277.0459525	-369.8071143	-462.568276	-555.3294377	-648.0905995	-740.8517612	-833.6129229	-926.3740847	-1019.135246	-1111.896408
466	1.282693	1.261138333	1.239583667	1.218029	-184.6818266	-277.6425317	-370.6032369	-463.563942	-556.5246471	-649.4853523	-742.4460574	-835.4067625	-928.3674677	-1021.328173	-1114.288878
467	1.283694	1.262412333	1.241130667	1.219849	-185.0794424	-278.2397289	-371.4000155	-464.560302	-557.7205885	-650.8808751	-744.0411616	-837.2014481	-930.3617347	-1023.522021	-1116.682308
468	1.283979	1.262995333	1.242011667	1.221028	-185.4779706	-278.8379617	-372.1979529	-465.557944	-558.9179351	-652.2779263	-745.6379174	-838.9979085	-932.3578997	-1025.717891	-1119.077882
469	1.285693	1.265022667	1.244352333	1.223682	-185.874443	-279.4338407	-372.9932383	-466.552636	-560.1120337	-653.6714313	-747.230829	-840.7902267	-934.3496243	-1027.909022	-1121.46842
470	1.287591	1.267229	1.246867	1.226505	-186.2706758	-280.0294472	-373.7882186	-467.54699	-561.3057614	-655.0645328	-748.8233042	-842.5820756	-936.340847	-1030.099618	-1123.85839
471	1.289105	1.268151667	1.247198333	1.226245	-186.670685	-280.6296267	-374.5885683	-468.54751	-562.5064517	-656.4653933	-750.424335	-844.3832767	-938.3422183	-1032.30116	-1126.260102
472	1.292586	1.270793667	1.249001333	1.227209	-187.068832	-281.2277487	-375.3866653	-469.545582	-563.7044987	-657.8634153	-752.022332	-846.1812487	-940.3401653	-1034.499082	-1128.657999
473	1.298294	1.276213333	1.254132667	1.232052	-187.4618788	-281.8198845	-376.1778903	-470.535896	-564.8939017	-659.2519075	-753.6099132	-847.9679189	-942.3259247	-1036.68393	-1131.041936
474	1.303934	1.282759667	1.261585333	1.240411	-187.85072	-282.4068727	-376.9630253	-471.519178	-566.0753307	-660.6314833	-755.187636	-849.7437887	-944.2999413	-1038.856094	-1133.412247
475	1.309709	1.289434333	1.269159667	1.248885	-188.2393962	-282.9936741	-377.7479521	-472.50223	-567.2565079	-662.0107859	-756.7650638	-851.5193417	-946.2736197	-1041.027898	-1135.782176
476	1.315433	1.294815667	1.274198333	1.253581	-188.6326162	-283.5860235	-378.5394307	-473.492838	-568.4462453	-663.3996525	-758.3530598	-853.3064671	-948.2598743	-1043.213282	-1138.166689
477	1.324451	1.303228333	1.282005667	1.260783	-189.0221702	-284.1742581	-379.3263461	-474.478434	-569.6305219	-664.7826099	-759.9346978	-855.0867857	-950.2388737	-1045.390962	-1140.54305
478	1.332311	1.310823667	1.289336333	1.267849	-189.412119	-284.7628467	-380.1135743	-475.464302	-570.8150297	-666.1657573	-761.516485	-856.8672127	-952.2179403	-1047.568668	-1142.919396
479	1.333901	1.312764	1.291627	1.27049	-189.8086318	-285.3587612	-380.9088906	-476.45902	-572.0091494	-667.5592788	-763.1094082	-858.6595376	-954.209667	-1049.759796	-1145.309926
480	1.33554	1.314753333	1.293966667	1.27318	-190.205076	-285.9545973	-381.7041187	-477.45364	-573.2031613	-668.9526827	-764.702204	-860.4517253	-956.2012467	-1051.950768	-1147.700289
481	1.330773	1.309962667	1.289152333	1.268342	-190.611835	-286.5623287	-382.5128223	-478.463316	-574.4138097	-670.3643033	-766.314797	-862.2652907	-958.2157843	-1054.166278	-1150.116772
482	1.327404	1.306508667	1.285613333	1.264718	-191.0168576	-287.1680931	-383.3193285	-479.470564	-575.6217995	-671.7730349	-767.9242704	-864.0755059	-960.2267413	-1056.377977	-1152.529212
483	1.321477	1.300703667	1.279930333	1.259157	-191.4247162	-287.7770395	-384.1293627	-480.481686	-576.8340093	-673.1863325	-769.5386558	-865.8909791	-962.2433023	-1058.595626	-1154.947949
484	1.313102	1.292682667	1.272263333	1.251844	-191.8351668	-288.3888819	-384.9425969	-481.496312	-578.0500271	-674.6037421	-771.1574572	-867.7111723	-964.2648873	-1060.818602	-1157.372317
485	1.304518	1.284458	1.264398	1.244338	-192.2458908	-289.0010352	-385.7561796	-482.511324	-579.2664684	-676.0216128	-772.7767572	-869.5319016	-966.287046	-1063.04219	-1159.797335
486	1.299325	1.279491667	1.259658333	1.239825	-192.652345	-289.6083467	-386.5643483	-483.52035	-580.4763517	-677.4323533	-774.388355	-871.3443567	-968.3003583	-1065.25636	-1162.212362
487	1.293588	1.273991333	1.254394667	1.234798	-193.0595248	-290.2164845	-387.3734443	-484.530404	-581.6873637	-678.8443235	-776.0012832	-873.1582429	-970.3152027	-1067.472162	-1164.629122
488	1.289082	1.269688333	1.250294667	1.230901	-193.4651024	-290.8228009	-388.1804995	-485.538198	-582.8958965	-680.2535951	-777.6112936	-874.9689921	-972.3266907	-1069.684389	-1167.042088
489	1.284382	1.265182333	1.245982667	1.226783	-193.870984	-291.4294673	-388.9879507	-486.546434	-584.1049173	-681.6634007	-779.221884	-876.7803673	-974.3388507	-1071.897334	-1169.455817
490	1.280741	1.261674333	1.242607667	1.223541	-194.2756026	-292.0347077	-389.7938129	-487.552918	-585.3120231	-683.0711283	-780.8302334	-878.5893385	-976.3484437	-1074.107549	-1171.866654
491	1.28962	1.270176	1.250732	1.231288	-194.6645304	-292.6221616	-390.5797928	-488.537424	-586.4950552	-684.4526864	-782.4103176	-880.3679488	-978.32558	-1076.283211	-1174.240842
492	1.299104	1.279269667	1.259435333	1.239601	-195.052658	-293.2087047	-391.3647513	-489.520798	-587.6768447	-685.8328913	-783.988938	-882.1449847	-980.3010313	-1078.457078	-1176.613125
493	1.308423	1.288614333	1.268805667	1.248997	-195.439519	-293.7936813	-392.1478437	-490.502006	-588.8561683	-687.2103307	-785.564493	-883.9186553	-982.2728177	-1080.62698	-1178.981142
494	1.318119	1.298523667	1.278928333	1.259333	-195.8251766	-294.3772291	-392.9292815	-491.481334	-590.0333865	-688.5854389	-787.1374914	-885.6895439	-984.2415963	-1082.793649	-1181.345701
495	1.32624	1.306793333	1.287346667	1.2679	-196.213272	-294.9635813	-393.7138907	-492.4642	-591.2145093	-689.9648187	-788.715128	-887.4654373	-986.2157467	-1084.966056	-1183.716365
496	1.326029	1.306586667	1.287144333	1.267702	-196.6135518	-295.5638999	-394.5142479	-493.464596	-592.4149441	-691.3652921	-790.3156402	-889.2659883	-988.2163363	-1087.166684	-1186.117032
497	1.325711	1.306274333	1.286837667	1.267401	-197.0139766	-296.1643837	-395.3147909	-494.465198	-593.6156051	-692.7660123	-791.9164194	-891.0668265	-990.2172337	-1089.367641	-1188.518048
498	1.325126	1.305579667	1.286033333	1.266487	-197.4151904	-296.7658023	-396.1164141	-495.467026	-594.8176379	-694.1682497	-793.5188616	-892.8694735	-992.2200853	-1091.570697	-1190.921309
499	1.323106	1.303446333	1.283786667	1.264127	-197.8184264	-297.3695329	-396.9206395	-496.471746	-596.0228525	-695.5739591	-795.1250656	-894.6761721	-994.2272787	-1093.778385	-1193.329492
500	1.319443	1.300060333	1.280677667	1.261295	-198.2225574	-297.9741749	-397.7257925	-497.47741	-597.2290275	-696.9806451	-796.7322626	-896.4838801	-996.2354977	-1095.987115	-1195.738733
501	1.316679	1.298093	1.279507	1.260921	-198.623559	-298.575092	-398.526625	-498.478158	-598.429691	-698.381224	-798.332757	-898.28429	-998.235823	-1098.187356	-1198.138889
502	1.313756	1.295978667	1.278201333	1.260424	-199.02474	-299.1762107	-399.3276813	-499.479152	-599.6306227	-699.7820933	-799.933564	-900.0850347	-1000.236505	-1100.387976	-1200.539447
503	1.312277	1.294289	1.276301	1.258313	-199.427569	-299.779504	-400.131439	-500.483374	-600.835309	-701.187244	-801.539179	-901.891114	-1002.243049	-1102.594984	-1202.946919
504	1.309931	1.291737	1.273543	1.255349	-199.831595	-300.384164	-400.936733	-501.489302	-602.041871	-702.59444	-803.147009	-903.699578	-1004.252147	-1104.804716	-1205.357285
505	1.311547	1.29332	1.275093	1.256866	-200.2294514	-300.9817236	-401.7339958	-502.486268	-603.2385402	-703.9908124	-804.7430846	-905.4953568	-1006.247629	-1106.999901	-1207.752173
506	1.313853	1.295746	1.277639	1.259532	-200.625791	-301.577506	-402.529221	-503.480936	-604.432651	-705.384366	-806.336081	-907.287796	-1008.239511	-1109.191226	-1210.142941
507	1.315544	1.297434	1.279324	1.261214	-201.0234344	-302.1748136	-403.3261928	-504.477572	-605.6289512	-706.7803304	-807.9317096	-909.0830888	-1010.234468	-1111.385847	-1212.537226
508	1.319831	1.301081333	1.282331667	1.263582	-201.4197354	-302.7707689	-404.1218025	-505.472836	-606.8238695	-708.1749031	-809.5259366	-910.8769701	-1012.228004	-1113.579037	-1214.930071
509	1.324452	1.305053333	1.285654667	1.266256	-201.8156024	-303.3662309	-404.9168595	-506.467488	-608.0181165	-709.5687451	-811.1193736	-912.6700021	-1014.220631	-1115.771259	-1217.321888
510	1.325646	1.306436667	1.287227333	1.268018	-202.2132492	-303.9634875	-405.7137257	-507.463964	-609.2142023	-710.9644405	-812.7146788	-914.4649171	-1016.215155	-1117.965394	-1219.715632
511	1.322789	1.304049	1.285309	1.266569	-202.6155594	-304.5659936	-406.5164278	-508.466862	-610.4172962	-712.3677304	-814.3181646	-916.2685988	-1018.219033	-1120.169467	-1222.119901
512	1.3154	1.297059	1.278718	1.260377	-203.0244676	-305.1760604	-407.3276532	-509.479246	-611.6308388	-713.7824316	-815.9340244	-918.0856172	-1020.23721	-1122.388803	-1224.540396
513	1.305242	1.287130333	1.269018667	1.250907	-203.4378632	-305.7913041	-408.1447451	-510.498186	-612.8516269	-715.2050679	-817.5585088	-919.9119497	-1022.265391	-1124.618832	-1226.972273
514	1.295014	1.277133	1.259252	1.241371	-203.851352	-306.406654	-408.961956	-511.517258	-614.07256	-716.627862	-819.183164	-921.738466	-1024.293768	-1126.84907	-1229.404372
515	1.283755	1.266744667	1.249734333	1.232724	-204.2639802	-307.0208375	-409.7776947	-512.534552	-615.2914093	-718.0482665	-820.8051238	-923.5619811	-1026.318838	-1129.075696	-1231.832553
516	1.272286	1.256154	1.240022	1.22389	-204.6768748	-307.6353232	-410.5937716	-513.55222	-616.5106684	-719.4691168	-822.4275652	-925.3860136	-1028.344462	-1131.30291	-1234.261359
517	1.267555	1.251866333	1.236177667	1.220489	-205.0819022	-308.2409421	-411.3999821	-514.559022	-617.7180619	-720.8771019	-824.0361418	-927.1951817	-1030.354222	-1133.513262	-1236.672302
518	1.266878	1.251361333	1.235844667	1.220328	-205.4822308	-308.8412685	-412.2003063	-515.559344	-618.9183817	-722.2774195	-825.6364572	-928.9954949	-1032.354533	-1135.71357	-1239.072608
519	1.268143	1.252733667	1.237324333	1.221915	-205.8800734	-309.4387723	-412.9974711	-516.55617	-620.1148689	-723.6735677	-827.2322666	-930.7909655	-1034.349664	-1137.908363	-1241.467062
520	1.268949	1.253517333	1.238085667	1.222654	-206.2790254	-310.0375809	-413.7961365	-517.554692	-621.3132475	-725.0718031	-828.8303586	-932.5889141	-1036.34747	-1140.106025	-1243.864581
521	1.269865	1.25441	1.238955	1.2235	-206.677827	-310.636218	-414.594609	-518.553	-622.511391	-726.469782	-830.428173	-934.386564	-1038.344955	-1142.303346	-1246.261737
522	1.276127	1.260201667	1.244276333	1.228351	-207.0707534	-311.2282683	-415.3857831	-519.543298	-623.7008129	-727.8583277	-832.0158426	-936.1733575	-1040.330872	-1144.488387	-1248.645902
523	1.2836	1.267132667	1.250665333	1.234198	-207.4622424	-311.8186963	-416.1751501	-520.531604	-624.8880579	-729.2445117	-833.6009656	-937.9574195	-1042.313873	-1146.670327	-1251.026781
524	1.29097	1.274359	1.257748	1.241137	-207.8524416	-312.4075364	-416.9626312	-521.517726	-626.0728208	-730.6279156	-835.1830104	-939.7381052	-1044.2932	-1148.848295	-1253.40339
525	1.296145	1.279815333	1.263485667	1.247156	-208.2441838	-312.9980185	-417.7518533	-522.505688	-627.2595227	-732.0133575	-836.7671922	-941.5210269	-1046.274862	-1151.028696	-1255.782531
526	1.300774	1.284660333	1.268546667	1.252433	-208.6369256	-313.5896617	-418.5423979	-523.495134	-628.4478701	-733.4006063	-838.3533424	-943.3060785	-1048.258815	-1153.211551	-1258.164287
527	1.308475	1.292107	1.275739	1.259371	-209.0270598	-314.1784592	-419.3298586	-524.481258	-629.6326574	-734.7840568	-839.9354562	-945.0868556	-1050.238255	-1155.389654	-1260.541054
528	1.316981	1.300348333	1.283715667	1.267083	-209.4161042	-314.7660141	-420.1159241	-525.465834	-630.8157439	-736.1656539	-841.5155638	-946.8654737	-1052.215384	-1157.565294	-1262.915204
529	1.319772	1.303014333	1.286256667	1.269499	-209.8126468	-315.3620985	-420.9115503	-526.461002	-632.0104537	-737.5599055	-843.1093572	-948.6588089	-1054.208261	-1159.757712	-1265.307164
530	1.31965	1.302823333	1.285996667	1.26917	-210.213066	-315.9625973	-421.7121287	-527.46166	-633.2111913	-738.9607227	-844.710254	-950.4597853	-1056.209317	-1161.958848	-1267.708379
531	1.322227	1.305716333	1.289205667	1.272695	-210.6083206	-316.5570837	-422.5058469	-528.45461	-634.4033731	-740.3521363	-846.3008994	-952.2496625	-1058.198426	-1164.147189	-1270.095952
532	1.32784	1.312155333	1.296470667	1.280786	-210.9974888	-317.1444685	-423.2914483	-529.438428	-635.5854077	-741.7323875	-847.8793672	-954.0263469	-1060.173327	-1166.320306	-1272.467286
533	1.333369	1.318374667	1.303380333	1.288386	-211.387263	-317.7325847	-424.0779063	-530.423228	-636.7685497	-743.1138713	-849.459193	-955.8045147	-1062.149836	-1168.495158	-1274.84048
534	1.337717	1.322048667	1.306380333	1.290712	-211.7836022	-318.3285935	-424.8735847	-531.418576	-637.9635673	-744.5085585	-851.0535498	-957.5985411	-1064.143532	-1170.688524	-1277.233515
535	1.342184	1.325844	1.309504	1.293164	-212.1797664	-318.9244016	-425.6690368	-532.413672	-639.1583072	-745.9029424	-852.6475776	-959.3922128	-1066.136848	-1172.881483	-1279.626118
536	1.338415	1.321773	1.305131	1.288489	-212.5861302	-319.5317608	-426.4773914	-533.423022	-640.3686526	-747.3142832	-854.2599138	-961.2055444	-1068.151175	-1175.096806	-1282.042436
537	1.334068	1.317219333	1.300370667	1.283522	-212.99296	-320.1396253	-427.2862907	-534.432956	-641.5796213	-748.7262867	-855.872952	-963.0196173	-1070.166283	-1177.312948	-1284.459613
538	1.329579	1.313015333	1.296451667	1.279888	-213.3982186	-320.7455537	-428.0928889	-535.440224	-642.7875591	-750.1348943	-857.4822294	-964.8295645	-1072.1769	-1179.524235	-1286.87157
539	1.325055	1.309473667	1.293892333	1.278311	-213.8010158	-321.3484699	-428.8959239	-536.443378	-643.9908321	-751.5382861	-859.0857402	-966.6331943	-1074.180648	-1181.728102	-1289.275556
540	1.320774	1.306065	1.291356	1.276647	-214.2038688	-321.9514812	-429.6990936	-537.446706	-645.1943184	-752.9419308	-860.6895432	-968.4371556	-1076.184768	-1183.93238	-1291.679993
541	1.322654	1.307578	1.292502	1.277426	-214.602558	-322.550088	-430.497618	-538.445148	-646.392678	-754.340208	-862.287738	-970.235268	-1078.182798	-1186.130328	-1294.077858
542	1.324984	1.309531667	1.294079333	1.278627	-215.0006508	-323.1480159	-431.2953809	-539.442746	-647.5901111	-755.7374761	-863.8848412	-972.0322063	-1080.179571	-1188.326936	-1296.474301
543	1.323825	1.308291333	1.292757667	1.277224	-215.4025662	-323.7502281	-432.0978901	-540.445552	-648.7932139	-757.1408759	-865.4885378	-973.8361997	-1082.183862	-1190.531524	-1298.879186
544	1.32112	1.305601333	1.290082667	1.274564	-215.8062992	-324.3544901	-432.9026811	-541.450872	-649.9990629	-758.5472539	-867.0954448	-975.6436357	-1084.191827	-1192.740018	-1301.288209
545	1.323607	1.307829	1.292051	1.276273	-216.203751	-324.951652	-433.699553	-542.447454	-651.195355	-759.943256	-868.691157	-977.439058	-1086.186959	-1194.93486	-1303.682761
546	1.327108	1.310799667	1.294491333	1.278183	-216.6007588	-325.5483839	-434.4960089	-543.443634	-652.3912591	-761.3388841	-870.2865092	-979.2341343	-1088.181759	-1197.129384	-1306.077009
547	1.330569	1.313790333	1.297011667	1.280233	-216.9976066	-326.1449157	-435.2922249	-544.439534	-653.5868431	-762.7341523	-871.8814614	-981.0287705	-1090.17608	-1199.323389	-1308.470698
548	1.332757	1.315875	1.298993	1.282111	-217.3949154	-326.7418696	-436.0888238	-545.435778	-654.7827322	-764.1296864	-873.4766406	-982.8235948	-1092.170549	-1201.517503	-1310.864457
549	1.334961	1.317976	1.300991	1.284006	-217.7922006	-327.3387964	-436.8853922	-546.431988	-655.9785838	-765.5251796	-875.0717754	-984.6183712	-1094.164967	-1203.711563	-1313.258159
550	1.334408	1.317984	1.30156	1.285136	-218.1909552	-327.9372128	-437.6834704	-547.429728	-657.1759856	-766.9222432	-876.6685008	-986.4147584	-1096.161016	-1205.907274	-1315.653531
551	1.334222	1.318478	1.302734	1.28699	-218.5887676	-328.5345184	-438.4802692	-548.42602	-658.3717708	-768.3175216	-878.2632724	-988.2090232	-1098.154774	-1208.100525	-1318.046276
552	1.331831	1.316565333	1.301299667	1.286034	-218.990393	-329.1362393	-439.2820857	-549.427932	-659.5737783	-769.7196247	-879.865471	-990.0113173	-1100.157164	-1210.30301	-1320.448856
553	1.329301	1.314319333	1.299337667	1.284356	-219.3929126	-329.7390377	-440.0851629	-550.431288	-660.7774131	-771.1235383	-881.4696634	-991.8157885	-1102.161914	-1212.508039	-1322.854164
554	1.328332	1.313433	1.298534	1.283635	-219.7939716	-330.3402244	-440.8864772	-551.43273	-661.9789828	-772.5252356	-883.0714884	-993.6177412	-1104.163994	-1214.710247	-1325.2565
555	1.328236	1.312828667	1.297421333	1.282014	-220.195936	-330.9426147	-441.6892933	-552.435972	-663.1826507	-773.9293293	-884.676008	-995.4226867	-1106.169365	-1216.916044	-1327.662723
556	1.328186	1.312271	1.296356	1.280441	-220.5978336	-331.5449284	-442.4920232	-553.439118	-664.3862128	-775.3333076	-886.2804024	-997.2274972	-1108.174592	-1219.121687	-1330.068782
557	1.322051	1.306169667	1.290288333	1.274407	-221.0063014	-332.1545963	-443.3028911	-554.451186	-665.5994809	-776.7477757	-887.8960706	-999.0443655	-1110.19266	-1221.340955	-1332.48925
558	1.317167	1.301327333	1.285487667	1.269648	-221.412989	-332.7622273	-444.1114657	-555.460704	-666.8099423	-778.1591807	-889.508419	-1000.857657	-1112.206896	-1223.556134	-1334.905372
559	1.314696	1.299278333	1.283860667	1.268443	-221.8149292	-333.3643241	-444.9137191	-556.463114	-668.0125089	-779.5619039	-891.1112988	-1002.660694	-1114.210089	-1225.759484	-1337.308879
560	1.312594	1.297796333	1.282998667	1.268201	-222.21564	-333.9649593	-445.7142787	-557.463598	-669.2129173	-780.9622367	-892.711556	-1004.460875	-1116.210195	-1227.959514	-1339.708833
561	1.308481	1.294083333	1.279685667	1.265288	-222.6199582	-334.5697801	-446.5196021	-558.469424	-670.4192459	-782.3690679	-894.3188898	-1006.268712	-1118.218534	-1230.168356	-1342.118178
562	1.303425	1.289065	1.274705	1.260345	-223.026901	-335.177704	-447.328507	-559.47931	-671.630113	-783.780916	-895.931719	-1008.082522	-1120.233325	-1232.384128	-1344.534931
563	1.298988	1.284636667	1.270285333	1.255934	-223.4330816	-335.7847651	-448.1364485	-560.488132	-672.8398155	-785.1914989	-897.5431824	-1009.894866	-1122.246549	-1234.598233	-1346.949916
564	1.297146	1.282619333	1.268092667	1.253566	-223.8362916	-336.3884837	-448.9406759	-561.492868	-674.0450601	-786.5972523	-899.1494444	-1011.701637	-1124.253829	-1236.806021	-1349.358213
565	1.294976	1.280276333	1.265576667	1.250877	-224.2399524	-336.9927169	-449.7454815	-562.498246	-675.2510105	-788.0037751	-900.7565396	-1013.509304	-1126.262069	-1239.014833	-1351.767598
566	1.292862	1.277643667	1.262425333	1.247207	-224.6447792	-337.5983815	-450.5519837	-563.505586	-676.4591883	-789.4127905	-902.3663928	-1015.319995	-1128.273597	-1241.2272	-1354.180802
567	1.291223	1.275420333	1.259617667	1.243815	-225.0491774	-338.2035749	-451.3579725	-564.51237	-677.6667675	-790.8211651	-903.9755626	-1017.12996	-1130.284358	-1243.438755	-1356.593153
568	1.291381	1.275014667	1.258648333	1.242282	-225.4509854	-338.8058023	-452.1606191	-565.515436	-678.8702529	-792.2250697	-905.5798866	-1018.934703	-1132.28952	-1245.644337	-1358.999154
569	1.289861	1.272983667	1.256106333	1.239229	-225.854953	-339.4104827	-452.9660123	-566.521542	-680.0770717	-793.6326013	-907.188131	-1020.743661	-1134.29919	-1247.85472	-1361.41025
570	1.288006	1.270995	1.253984	1.236973	-226.2580312	-340.0140388	-453.7700464	-567.526054	-681.2820616	-795.0380692	-908.7940768	-1022.550084	-1136.306092	-1250.0621	-1363.818107
571	1.285285	1.268842333	1.252399667	1.235957	-226.6597946	-340.6158917	-454.5719889	-568.528086	-682.4841831	-796.4402803	-910.3963774	-1024.352475	-1138.308572	-1252.264669	-1366.220766
572	1.28311	1.267222	1.251334	1.235446	-227.0608428	-341.2169312	-455.3730196	-569.529108	-683.6851964	-797.8412848	-911.9973732	-1026.153462	-1140.30955	-1254.465638	-1368.621727
573	1.281188	1.265806333	1.250424667	1.235043	-227.4617108	-341.8177785	-456.1738463	-570.529914	-684.8859817	-799.2420495	-913.5981172	-1027.954185	-1142.310253	-1256.66632	-1371.022388
574	1.278827	1.263951333	1.249075667	1.2342	-227.8631946	-342.4193297	-456.9754649	-571.5316	-686.0877351	-800.6438703	-915.2000054	-1029.756141	-1144.312276	-1258.868411	-1373.424546
575	1.277499	1.262568667	1.247638333	1.232708	-228.2652506	-343.0216951	-457.7781395	-572.534584	-687.2910285	-802.0474729	-916.8039174	-1031.560362	-1146.316806	-1261.073251	-1375.829695
576	1.278292	1.263194333	1.248096667	1.232999	-228.6647428	-343.6211625	-458.5775823	-573.534002	-688.4904217	-803.4468415	-918.4032612	-1033.359681	-1148.316101	-1263.27252	-1378.22894
577	1.280755	1.265636667	1.250518333	1.2354	-229.061369	-344.2173127	-459.3732563	-574.5292	-689.6851437	-804.8410873	-919.997031	-1035.152975	-1150.308918	-1265.464862	-1380.620806
578	1.283175	1.268136333	1.253097667	1.238059	-229.4576942	-344.8130901	-460.1684861	-575.523882	-690.8792779	-806.2346739	-921.5900698	-1036.945466	-1152.300862	-1267.656258	-1383.011654
579	1.284945	1.269840667	1.254736333	1.239632	-229.8554526	-345.4105471	-460.9656415	-576.520736	-692.0758305	-807.6309249	-923.1860194	-1038.741114	-1154.296208	-1269.851303	-1385.406397
580	1.286823	1.271420333	1.256017667	1.240615	-230.2538974	-346.0088549	-461.7638125	-577.51877	-693.2737275	-809.0286851	-924.7836426	-1040.5386	-1156.293558	-1272.048515	-1387.803473
581	1.288477	1.272817667	1.257158333	1.241499	-230.6525058	-346.6073379	-462.5621699	-578.517002	-694.4718341	-810.4266661	-926.3814982	-1042.33633	-1158.291162	-1274.245994	-1390.200826
582	1.292502	1.276741	1.26098	1.245219	-231.0472368	-347.2013452	-463.3554536	-579.509562	-695.6636704	-811.8177788	-927.9718872	-1044.125996	-1160.280104	-1276.434212	-1392.588321
583	1.296689	1.280824333	1.264959667	1.249095	-231.4417482	-347.7951021	-464.1484561	-580.50181	-696.8551639	-813.2085179	-929.5618718	-1045.915226	-1162.26858	-1278.621934	-1394.975288
584	1.294012	1.27828	1.262548	1.246816	-231.8450184	-348.3988016	-464.9525848	-581.506368	-698.0601512	-814.6139344	-931.1677176	-1047.721501	-1164.275284	-1280.829067	-1397.38285
585	1.290821	1.275235667	1.259650333	1.244065	-232.2489578	-349.0032619	-465.7575659	-582.51187	-699.2661741	-816.0204781	-932.7747822	-1049.529086	-1166.28339	-1283.037694	-1399.791998
586	1.281385	1.266663	1.251941	1.237219	-232.6590602	-349.6145608	-466.5700614	-583.525562	-700.4810626	-817.4365632	-934.3920638	-1051.347564	-1168.303065	-1285.258566	-1402.214066
587	1.271727	1.258101667	1.244476333	1.230851	-233.0686334	-350.2251883	-467.3817431	-584.538298	-701.6948529	-818.8514077	-936.0079626	-1053.164517	-1170.321072	-1287.477627	-1404.634182
588	1.264205	1.250697	1.237189	1.223681	-233.4787418	-350.8367072	-468.1946726	-585.552638	-702.9106034	-820.2685688	-937.6265342	-1054.9845	-1172.342465	-1289.70043	-1407.058396
589	1.256697	1.242478	1.228259	1.21404	-233.8918126	-351.4518484	-469.0118842	-586.57192	-704.1319558	-821.6919916	-939.2520274	-1056.812063	-1174.372099	-1291.932135	-1409.492171
590	1.249295	1.234720667	1.220146333	1.205572	-234.3034546	-352.0652551	-469.8270555	-587.588856	-705.3506565	-823.1124569	-940.8742574	-1058.636058	-1176.397858	-1294.159659	-1411.921459
591	1.242745	1.228505333	1.214265667	1.200026	-234.7114198	-352.6742625	-470.6371053	-588.599948	-706.5627907	-824.5256335	-942.4884762	-1060.451319	-1178.414162	-1296.377004	-1414.339847
592	1.23757	1.22357	1.20957	1.19557	-235.117802	-353.281488	-471.445174	-589.60886	-707.772546	-825.936232	-944.099918	-1062.263604	-1180.42729	-1298.590976	-1416.754662
593	1.238708	1.224403667	1.210099333	1.195795	-235.5173044	-353.8810063	-472.2447081	-590.60841	-708.9721119	-827.3358137	-945.6995156	-1064.063217	-1182.426919	-1300.790621	-1419.154323
594	1.23965	1.225042333	1.210434667	1.195827	-235.9170776	-354.4808337	-473.0445899	-591.608346	-710.1721021	-828.7358583	-947.2996144	-1065.863371	-1184.427127	-1302.990883	-1421.554639
595	1.24136	1.227713667	1.214067333	1.200421	-236.3112228	-355.0738679	-473.8365129	-592.599158	-711.3618031	-830.1244481	-948.8870932	-1067.649738	-1186.412383	-1305.175028	-1423.937673
596	1.243882	1.231249333	1.218616667	1.205984	-236.7040428	-355.6653725	-474.6267023	-593.588032	-712.5493617	-831.5106915	-950.4720212	-1069.433351	-1188.394681	-1307.35601	-1426.31734
597	1.248094	1.235075333	1.222056667	1.209038	-237.0995356	-356.2603317	-475.4211279	-594.581924	-713.7427201	-832.9035163	-952.0643124	-1071.225109	-1190.385905	-1309.546701	-1428.707497
598	1.251325	1.237537667	1.223750333	1.209963	-237.4977794	-356.8585443	-476.2193091	-595.580074	-714.9408389	-834.3016037	-953.6623686	-1073.023133	-1192.383898	-1311.744663	-1431.105428
599	1.254191	1.240205333	1.226219667	1.212234	-237.894481	-357.4548313	-477.0151817	-596.575532	-716.1358823	-835.6962327	-955.256583	-1074.816933	-1194.377284	-1313.937634	-1433.497984
600	1.25785	1.244027333	1.230204667	1.216382	-238.2887716	-358.0482597	-477.8077479	-597.567236	-717.3267241	-837.0862123	-956.8457004	-1076.605189	-1196.364677	-1316.124165	-1435.883653
601	1.261128	1.247495667	1.233863333	1.220231	-238.6834972	-358.6421775	-478.6008577	-598.559538	-718.5182183	-838.4768985	-958.4355788	-1078.394259	-1198.352939	-1318.31162	-1438.2703
602	1.261607	1.248224333	1.234841667	1.221459	-239.0819278	-359.2403125	-479.3986973	-599.557082	-719.7154667	-839.8738515	-960.0322362	-1080.190621	-1200.349006	-1320.50739	-1440.665775
603	1.262115	1.248855667	1.235596333	1.222337	-239.4807726	-359.8389571	-480.1971415	-600.555326	-720.9135105	-841.2716949	-961.6298794	-1081.988064	-1202.346248	-1322.704433	-1443.062617
604	1.265483	1.251984	1.238485	1.224986	-239.8769202	-360.4346228	-480.9923254	-601.550028	-722.1077306	-842.6654332	-963.2231358	-1083.780838	-1204.338541	-1324.896244	-1445.453946
605	1.268677	1.255033	1.241389	1.227745	-240.2729706	-361.0301504	-481.7873302	-602.54451	-723.3016898	-844.0588696	-964.8160494	-1085.573229	-1206.330409	-1327.087589	-1447.844769
606	1.267443	1.254402333	1.241361667	1.228321	-240.6725262	-361.6294701	-482.5864141	-603.543358	-724.5003019	-845.4572459	-966.4141898	-1087.371134	-1208.328078	-1329.285022	-1450.241966
607	1.265867	1.253432333	1.240997667	1.228563	-241.072551	-362.2293253	-483.3860997	-604.542874	-725.6996483	-846.8564227	-968.013197	-1089.169971	-1210.326746	-1331.48352	-1452.640294
608	1.266572	1.253438333	1.240304667	1.227171	-241.4740804	-362.8312729	-484.1884655	-605.545658	-726.9028505	-848.2600431	-969.6172356	-1090.974428	-1212.331621	-1333.688813	-1455.046006
609	1.266786	1.252919	1.239052	1.225185	-241.8764208	-363.4341572	-484.9918936	-606.54963	-728.1073664	-849.6651028	-971.2228392	-1092.780576	-1214.338312	-1335.896048	-1457.453785
610	1.263423	1.249581	1.235739	1.221897	-242.281039	-364.039428	-485.797817	-607.556206	-729.314595	-851.072984	-972.831373	-1094.589762	-1216.348151	-1338.10654	-1459.864929
611	1.260071	1.246407	1.232743	1.219079	-242.685091	-364.644008	-486.602925	-608.561842	-730.520759	-852.479676	-974.438593	-1096.39751	-1218.356427	-1340.315344	-1462.274261
612	1.259683	1.245807333	1.231931667	1.218056	-243.0863962	-365.2455601	-487.4047241	-609.563888	-731.7230519	-853.8822159	-976.0413798	-1098.200544	-1220.359708	-1342.518872	-1464.678036
613	1.258697	1.244455667	1.230214333	1.215973	-243.489093	-365.8487467	-488.2084003	-610.568054	-732.9277077	-855.2873613	-977.647015	-1100.006669	-1222.366322	-1344.725976	-1467.08563
614	1.254262	1.240243667	1.226225333	1.212207	-243.8944992	-366.4548615	-489.0152237	-611.575586	-734.1359483	-856.6963105	-979.2566728	-1101.817035	-1224.377397	-1346.93776	-1469.498122
615	1.248839	1.235492333	1.222145667	1.208799	-244.2996734	-367.0605829	-489.8214925	-612.582402	-735.3433115	-858.1042211	-980.8651306	-1103.62604	-1226.38695	-1349.147859	-1471.908769
616	1.242225	1.229640667	1.217056333	1.204472	-244.7061886	-367.6678111	-490.6294335	-613.591056	-736.5526785	-859.5143009	-982.4759234	-1105.437546	-1228.399168	-1351.360791	-1474.322413
617	1.241402	1.229638667	1.217875333	1.206112	-245.1043852	-368.2655155	-491.4266457	-614.587776	-737.7489063	-860.9100365	-984.0711668	-1107.232297	-1230.393427	-1353.554558	-1476.715688
618	1.24414	1.232635667	1.221131333	1.209627	-245.4996196	-368.8599951	-492.2203705	-615.580746	-738.9411215	-862.3014969	-985.6618724	-1109.022248	-1232.382623	-1355.742999	-1479.103374
619	1.246468	1.234009667	1.221551333	1.209093	-245.8997948	-369.4604679	-493.0211409	-616.581814	-740.1424871	-863.7031601	-987.2638332	-1110.824506	-1234.385179	-1357.945852	-1481.506525
620	1.246896	1.233793667	1.220691333	1.207589	-246.301514	-370.0626167	-493.8237193	-617.584822	-741.3459247	-865.1070273	-988.86813	-1112.629233	-1236.390335	-1360.151438	-1483.912541
621	1.244582	1.232049333	1.219516667	1.206984	-246.7027028	-370.6638125	-494.6249223	-618.586032	-742.5471417	-866.5082515	-990.4693612	-1114.430471	-1238.391581	-1362.35269	-1486.3138
622	1.241812	1.229802667	1.217793333	1.205784	-247.1046968	-371.2659419	-495.4271869	-619.588432	-743.7496771	-867.9109221	-992.0721672	-1116.233412	-1240.394657	-1364.555902	-1488.717147
623	1.238344	1.226300333	1.214256667	1.202213	-247.5096756	-371.8716417	-496.2336079	-620.595574	-744.9575401	-869.3195063	-993.6814724	-1118.043439	-1242.405405	-1366.767371	-1491.129337
624	1.235254	1.223171	1.211088	1.199005	-247.9141432	-372.4767588	-497.0393744	-621.60199	-746.1646056	-870.7272212	-995.2898368	-1119.852452	-1244.415068	-1368.977684	-1493.540299
625	1.231461	1.219202333	1.206943667	1.194685	-248.3200858	-373.0836005	-497.8471153	-622.61063	-747.3741447	-872.1376595	-996.9011742	-1121.664689	-1246.428204	-1371.191718	-1495.955233
626	1.225065	1.212655	1.200245	1.187835	-248.729585	-373.6945	-498.659415	-623.62433	-748.589245	-873.55416	-998.519075	-1123.48399	-1248.448905	-1373.41382	-1498.378735
627	1.217377	1.204614333	1.191851667	1.179089	-249.1416178	-374.3083525	-499.4750873	-624.641822	-749.8085567	-874.9752915	-1000.142026	-1125.308761	-1250.475496	-1375.64223	-1500.808965
628	1.213717	1.200524	1.187331	1.174138	-249.548291	-374.916102	-500.283913	-625.651724	-751.019535	-876.387346	-1001.755157	-1127.122968	-1252.490779	-1377.85859	-1503.226401
629	1.211514	1.198738333	1.185962667	1.173187	-249.9498728	-375.5177905	-501.0857083	-626.653626	-752.2215437	-877.7894615	-1003.357379	-1128.925297	-1254.493215	-1380.061132	-1505.62905
630	1.208957	1.196821	1.184685	1.172549	-250.3511498	-376.1190672	-501.8869846	-627.654902	-753.4228194	-879.1907368	-1004.958654	-1130.726572	-1256.494489	-1382.262406	-1508.030324
631	1.213275	1.201638333	1.190001667	1.178365	-250.743307	-376.7099613	-502.6766157	-628.64327	-754.6099243	-880.5765787	-1006.543233	-1132.509887	-1258.476542	-1384.443196	-1510.40985
632	1.214659	1.203515667	1.192372333	1.181229	-251.1395934	-377.3055763	-503.4715591	-629.637542	-755.8035249	-881.9695077	-1008.135491	-1134.301473	-1260.467456	-1386.633439	-1512.799422
633	1.215668	1.203856333	1.192044667	1.180233	-251.5405868	-377.9069025	-504.2732183	-630.639534	-757.0058497	-883.3721655	-1009.738481	-1136.104797	-1262.471113	-1388.837428	-1515.203744
634	1.219738	1.206604	1.19347	1.180336	-251.9396492	-378.5062088	-505.0727684	-631.639328	-758.2058876	-884.7724472	-1011.339007	-1137.905566	-1264.472126	-1391.038686	-1517.605245
635	1.222566	1.209394667	1.196223333	1.183052	-252.3358244	-379.1018483	-505.8678721	-632.633896	-759.3999199	-886.1659437	-1012.931968	-1139.697991	-1266.464015	-1393.230039	-1519.996063
636	1.2254	1.213109333	1.200818667	1.188528	-252.7286864	-379.6934389	-506.6581915	-633.622944	-760.5876965	-887.5524491	-1014.517202	-1141.481954	-1268.446707	-1395.411459	-1522.376212
637	1.229654	1.217900667	1.206147333	1.194394	-253.1207964	-380.2842683	-507.4477401	-634.611212	-761.7746839	-888.9381557	-1016.101628	-1143.265099	-1270.428571	-1397.592043	-1524.755515
638	1.231095	1.219597667	1.208100333	1.196603	-253.5178574	-380.8808363	-508.2438151	-635.606794	-762.9697729	-890.3327517	-1017.695731	-1145.058709	-1272.421688	-1399.784667	-1527.147646
639	1.232579	1.22134	1.210101	1.198862	-253.9148498	-381.4773252	-509.0398006	-636.602276	-764.1647514	-891.7272268	-1019.289702	-1146.852178	-1274.414653	-1401.977128	-1529.539604
640	1.231934	1.220974667	1.210015333	1.199056	-254.314746	-382.0771267	-509.8395073	-637.601888	-765.3642687	-893.1266493	-1020.88903	-1148.651411	-1276.413791	-1404.176172	-1531.938553
641	1.229706	1.218818333	1.207930667	1.197043	-254.7176072	-382.6803761	-510.6431451	-638.605914	-766.5686829	-894.5314519	-1022.494221	-1150.45699	-1278.419759	-1406.382528	-1534.345297
642	1.229279	1.218141667	1.207004333	1.195867	-255.1191038	-383.2821579	-511.4452119	-639.608266	-767.7713201	-895.9343741	-1024.097428	-1152.260482	-1280.423536	-1408.58659	-1536.749644
643	1.224963	1.213926667	1.202890333	1.191854	-255.5247826	-383.8886191	-512.2524555	-640.616292	-768.9801285	-897.3439649	-1025.707801	-1154.071638	-1282.435474	-1410.799311	-1539.163147
644	1.218759	1.208369667	1.197980333	1.187591	-255.931139	-384.4956987	-513.0602583	-641.624818	-770.1893777	-898.7539373	-1027.318497	-1155.883057	-1284.447616	-1413.012176	-1541.576736
645	1.216876	1.206610667	1.196345333	1.18608	-256.3333288	-385.0981659	-513.8630029	-642.62784	-771.3926771	-900.1575141	-1028.922351	-1157.687188	-1286.452025	-1415.216862	-1543.981699
646	1.21546	1.204360333	1.193260667	1.182161	-256.7383148	-385.7041025	-514.6698903	-643.635678	-772.6014657	-901.5672535	-1030.533041	-1159.498829	-1288.464617	-1417.430404	-1546.396192
647	1.209541	1.198365667	1.187190333	1.176015	-257.1468738	-386.3139059	-515.4809379	-644.64797	-773.8150021	-902.9820341	-1032.149066	-1161.316098	-1290.48313	-1419.650162	-1548.817194
648	1.203598	1.193940333	1.184282667	1.174625	-257.5497304	-386.9167369	-516.2837435	-645.65075	-775.0177565	-904.3847631	-1033.75177	-1163.118776	-1292.485783	-1421.852789	-1551.219796
649	1.200785	1.191737333	1.182689667	1.173642	-257.9514726	-387.5185537	-517.0856349	-646.652716	-776.2197971	-905.7868783	-1035.353959	-1164.921041	-1294.488122	-1424.055203	-1553.622284
650	1.200161	1.189453667	1.178746333	1.168039	-258.358321	-388.1268547	-517.8953883	-647.663922	-777.4324557	-907.2009893	-1036.969523	-1166.738057	-1296.50659	-1426.275124	-1556.043658
651	1.196795	1.185117	1.173439	1.161761	-258.7665278	-388.7365112	-518.7064946	-648.676478	-778.6464614	-908.6164448	-1038.586428	-1168.556412	-1298.526395	-1428.496378	-1558.466362
652	1.188186	1.177384667	1.166583333	1.155782	-259.1754244	-389.3464283	-519.5174321	-649.688436	-779.8594399	-910.0304437	-1040.201448	-1170.372451	-1300.543455	-1430.714459	-1560.885463
653	1.178932	1.168772667	1.158613333	1.148454	-259.5860688	-389.9584099	-520.3307509	-650.703092	-781.0754331	-911.4477741	-1041.820115	-1172.192456	-1302.564797	-1432.937138	-1563.309479
654	1.17252	1.162281667	1.152043333	1.141805	-259.99533	-390.5690167	-521.1427033	-651.71639	-782.2900767	-912.8637633	-1043.43745	-1174.011137	-1304.584823	-1435.15851	-1565.732197
655	1.168408	1.158101667	1.147795333	1.137489	-260.4013316	-391.1758951	-521.9504585	-652.725022	-783.4995855	-914.2741489	-1045.048712	-1175.823276	-1306.597839	-1437.372403	-1568.146966
656	1.169941	1.159612	1.149283	1.138954	-260.799267	-391.773542	-522.747817	-653.722092	-784.696367	-915.670642	-1046.644917	-1177.619192	-1308.593467	-1439.567742	-1570.542017
657	1.173233	1.162909333	1.152585667	1.142262	-261.194639	-392.3682513	-523.5418637	-654.715476	-785.8890883	-917.0627007	-1048.236313	-1179.409925	-1310.583538	-1441.75715	-1572.930762
658	1.175626	1.165439	1.155252	1.145065	-261.5907968	-392.9638212	-524.3368456	-655.70987	-787.0828944	-918.4559188	-1049.828943	-1181.201968	-1312.574992	-1443.948016	-1575.321041
659	1.179195	1.169010333	1.158825667	1.148641	-261.9857918	-393.5581005	-525.1304093	-656.702718	-788.2750267	-919.8473355	-1051.419644	-1182.991953	-1314.564262	-1446.13657	-1577.708879
660	1.185131	1.174596667	1.164062333	1.153528	-262.3787402	-394.1501415	-525.9215427	-657.692944	-789.4643453	-921.2357465	-1053.007148	-1184.778549	-1316.54995	-1448.321352	-1580.092753
661	1.191077	1.180509333	1.169941667	1.159374	-262.7705358	-394.7407745	-526.7110133	-658.681252	-790.6514907	-922.6217295	-1054.591968	-1186.562207	-1318.532446	-1450.502684	-1582.472923
662	1.204281	1.194403667	1.184526333	1.174649	-263.149565	-395.3166107	-527.4836563	-659.650702	-791.8177477	-923.9847933	-1056.151839	-1188.318885	-1320.48593	-1452.652976	-1584.820022
663	1.219295	1.209386	1.199477	1.189568	-263.5286594	-395.8927276	-528.2567958	-660.620864	-792.9849322	-925.3490004	-1057.713069	-1190.077137	-1322.441205	-1454.805273	-1587.169341
664	1.226996	1.215535	1.204074	1.192613	-263.9234652	-396.4872348	-529.0510044	-661.614774	-794.1785436	-926.7423132	-1059.306083	-1191.869852	-1324.433622	-1456.997392	-1589.561161
665	1.228282	1.216287667	1.204293333	1.192299	-264.3235848	-397.0875239	-529.8514629	-662.615402	-795.3793411	-928.1432801	-1060.907219	-1193.671158	-1326.435097	-1459.199036	-1591.962975
666	1.226502	1.215826	1.20515	1.194474	-264.7213308	-397.6845712	-530.6478116	-663.611052	-796.5742924	-929.5375328	-1062.500773	-1195.464014	-1328.427254	-1461.390494	-1594.353735
667	1.227475	1.217723	1.207971	1.198219	-265.1166422	-398.2789488	-531.4412554	-664.603562	-797.7658686	-930.9281752	-1064.090482	-1197.252788	-1330.415095	-1463.577402	-1596.739708
668	1.227144	1.217688	1.208232	1.198776	-265.51604	-398.878176	-532.240312	-665.602448	-798.964584	-932.32672	-1065.688856	-1199.050992	-1332.413128	-1465.775264	-1599.1374
669	1.22359	1.214175333	1.204760667	1.195346	-265.9208668	-399.4836805	-533.0464943	-666.609308	-800.1721217	-933.7349355	-1067.297749	-1200.860563	-1334.423377	-1467.98619	-1601.549004
670	1.222391	1.212614	1.202837	1.19306	-266.3238498	-400.0871932	-533.8505366	-667.61388	-801.3772234	-935.1405668	-1068.90391	-1202.667254	-1336.430597	-1470.19394	-1603.957284
671	1.221473	1.211479333	1.201485667	1.191492	-266.725915	-400.6896153	-534.6533157	-668.617016	-802.5807163	-936.5444167	-1070.508117	-1204.471817	-1338.435518	-1472.399218	-1606.362918
672	1.218457	1.208435	1.198413	1.188391	-267.1302394	-401.2945656	-535.4588918	-669.623218	-803.7875442	-937.9518704	-1072.116197	-1206.280523	-1340.444849	-1474.609175	-1608.773501
673	1.218212	1.207956333	1.197700667	1.187445	-267.5314236	-401.8959857	-536.2605479	-670.62511	-804.9896721	-939.3542343	-1073.718796	-1208.083359	-1342.447921	-1476.812483	-1611.177045
674	1.220581	1.209905333	1.199229667	1.188554	-267.929619	-402.4940433	-537.0584677	-671.622892	-806.1873163	-940.7517407	-1075.316165	-1209.880589	-1344.445014	-1479.009438	-1613.573862
675	1.219151	1.208471333	1.197791667	1.187112	-268.3316354	-403.0963489	-537.8610625	-672.625776	-807.3904895	-942.1552031	-1076.919917	-1211.68463	-1346.449344	-1481.214057	-1615.978771
676	1.215446	1.205048667	1.194651333	1.184254	-268.735806	-403.7010347	-538.6662633	-673.631492	-808.5967207	-943.5619493	-1078.527178	-1213.492407	-1348.457635	-1483.422864	-1618.388093
677	1.214057	1.203839333	1.193621667	1.183404	-269.1371038	-404.3024665	-539.4678293	-674.633192	-809.7985547	-944.9639175	-1080.12928	-1215.294643	-1350.460006	-1485.625368	-1620.790731
678	1.212113	1.202036667	1.191960333	1.181884	-269.5393166	-404.9049551	-540.2705935	-675.636232	-811.0018705	-946.3675089	-1081.733147	-1217.098786	-1352.464424	-1487.830063	-1623.195701
679	1.210877	1.200872667	1.190868333	1.180864	-269.9407878	-405.5066159	-541.0724439	-676.638272	-812.2041001	-947.7699281	-1083.335756	-1218.901584	-1354.467412	-1490.03324	-1625.599068
680	1.208591	1.198645	1.188699	1.178753	-270.3437782	-406.1100168	-541.8762554	-677.642494	-813.4087326	-949.1749712	-1084.94121	-1220.707448	-1356.473687	-1492.239926	-1628.006164
681	1.197439	1.187684667	1.177930333	1.168176	-270.758701	-406.7270167	-542.6953323	-678.663648	-814.6319637	-950.6002793	-1086.568595	-1222.536911	-1358.505226	-1494.473542	-1630.441858
682	1.186684	1.177132667	1.167581333	1.15803	-271.1730272	-407.3433315	-543.5136357	-679.68394	-815.8542443	-952.0245485	-1088.194853	-1224.365157	-1360.535461	-1496.705766	-1632.87607
683	1.168871	1.159713333	1.150555667	1.141398	-271.5965482	-407.9701001	-544.3436521	-680.717204	-817.0907559	-953.4643079	-1089.83786	-1226.211412	-1362.584964	-1498.958516	-1635.332068
684	1.14877	1.140029667	1.131289333	1.122549	-272.0231872	-408.6004255	-545.1776637	-681.754902	-818.3321403	-954.9093785	-1091.486617	-1228.063855	-1364.641093	-1501.218332	-1637.79557
685	1.125415	1.116605667	1.107796333	1.098987	-272.4561326	-409.2380971	-546.0200615	-682.802026	-819.5839905	-956.3659549	-1093.147919	-1229.929884	-1366.711848	-1503.493813	-1640.275777
686	1.104344	1.095381667	1.086419333	1.077457	-272.8861828	-409.8724839	-546.8587849	-683.845086	-820.8313871	-957.8176881	-1094.803989	-1231.79029	-1368.776591	-1505.762892	-1642.749193
687	1.0875	1.077879	1.068258	1.058637	-273.3121356	-410.5023324	-547.6925292	-684.882726	-822.0729228	-959.2631196	-1096.453316	-1233.643513	-1370.83371	-1508.023907	-1645.214104
688	1.072014	1.061722667	1.051431333	1.04114	-273.7362292	-411.1300595	-548.5238897	-685.91772	-823.3115503	-960.7053805	-1098.099211	-1235.493041	-1372.886871	-1510.280702	-1647.674532
689	1.0637	1.052674	1.041648	1.030622	-274.1505136	-411.7465944	-549.3426752	-686.938756	-824.5348368	-962.1309176	-1099.726998	-1237.323079	-1374.91916	-1512.515241	-1650.111322
690	1.054424	1.043332333	1.032240667	1.021149	-274.5637364	-412.3617249	-550.1597135	-687.957702	-825.7556905	-963.5536791	-1101.351668	-1239.149656	-1376.947645	-1514.745633	-1652.543622
691	1.045619	1.035692333	1.025765667	1.015839	-274.9718694	-412.9706869	-550.9695045	-688.968322	-826.9671395	-964.9659571	-1102.964775	-1240.963592	-1378.96241	-1516.961227	-1654.960045
692	1.047837	1.038559667	1.029282333	1.020005	-275.3664266	-413.5642811	-551.7621355	-689.95999	-828.1578445	-966.3556989	-1104.553553	-1242.751408	-1380.949262	-1519.147117	-1657.344971
693	1.060983	1.051786667	1.042590333	1.033394	-275.7477306	-414.1428911	-552.5380515	-690.933212	-829.3283725	-967.7235329	-1106.118693	-1244.513854	-1382.909014	-1521.304175	-1659.699335
694	1.074303	1.065288667	1.056274333	1.04726	-276.1284274	-414.7207783	-553.3131291	-691.90548	-830.4978309	-969.0901817	-1107.682533	-1246.274883	-1384.867234	-1523.459585	-1662.051936
695	1.08785	1.079082667	1.070315333	1.061548	-276.5085724	-415.2980163	-554.0874601	-692.876904	-831.6663479	-970.4557917	-1109.245236	-1248.034679	-1386.824123	-1525.613567	-1664.403011
696	1.095269	1.085943333	1.076617667	1.067292	-276.9001958	-415.8886025	-554.8770093	-693.865416	-832.8538227	-971.8422295	-1110.830636	-1249.819043	-1388.80745	-1527.795856	-1666.784263
697	1.100113	1.089959667	1.079806333	1.069653	-277.2963938	-416.4844939	-555.6725939	-694.860694	-834.0487941	-973.2368941	-1112.424994	-1251.613094	-1390.801194	-1529.989294	-1669.177394
698	1.099298	1.089486333	1.079674667	1.069863	-277.6963048	-417.0842945	-556.4722843	-695.860274	-835.2482637	-974.6362535	-1114.024243	-1253.412233	-1392.800223	-1532.188212	-1671.576202
699	1.098973	1.089645667	1.080318333	1.070991	-278.0950162	-417.6826835	-557.2703507	-696.858018	-836.4456853	-976.0333525	-1115.62102	-1255.208687	-1394.796354	-1534.384022	-1673.971689
700	1.103418	1.094752	1.086086	1.07742	-278.4864124	-418.2726616	-558.0589108	-697.84516	-837.6314092	-977.4176584	-1117.203908	-1256.990157	-1396.776406	-1536.562655	-1676.348904
701	1.106799	1.098648667	1.090498333	1.082348	-278.8798226	-418.8649831	-558.8501435	-698.835304	-838.8204645	-978.8056249	-1118.790785	-1258.775946	-1398.761106	-1538.746267	-1678.731427
702	1.108237	1.100023	1.091809	1.083595	-279.2780386	-419.4629624	-559.6478862	-699.83281	-840.0177338	-980.2026576	-1120.387581	-1260.572505	-1400.757429	-1540.942353	-1681.127277
703	1.108872	1.100383	1.091894	1.083405	-279.6781396	-420.0631564	-560.4481732	-700.83319	-841.2182068	-981.6032236	-1121.98824	-1262.373257	-1402.758274	-1543.143291	-1683.528308
704	1.110868	1.101723667	1.092579333	1.083435	-280.0777044	-420.6628463	-561.2479881	-701.83313	-842.4182719	-983.0034137	-1123.588556	-1264.173697	-1404.758839	-1545.343981	-1685.929123
705	1.115533	1.105971333	1.096409667	1.086848	-280.4726758	-421.2572185	-562.0417613	-702.826304	-843.6108467	-984.3953895	-1125.179932	-1265.964475	-1406.749018	-1547.53356	-1688.318103
706	1.119614	1.109858333	1.100102667	1.090347	-280.8676608	-421.8515425	-562.8354243	-703.819306	-844.8031877	-985.7870695	-1126.770951	-1267.754833	-1408.738715	-1549.722596	-1690.706478
707	1.125259	1.115049333	1.104839667	1.09463	-281.2613922	-422.4445081	-563.6276241	-704.81074	-845.9938559	-987.1769719	-1128.360088	-1269.543204	-1410.72632	-1551.909436	-1693.092552
708	1.130784	1.120034333	1.109284667	1.098535	-281.6556012	-423.0380441	-564.4204871	-705.80293	-847.1853729	-988.5678159	-1129.950259	-1271.332702	-1412.715145	-1554.097588	-1695.480031
709	1.127979	1.118133333	1.108287667	1.098442	-282.0562738	-423.6385545	-565.2208353	-706.803116	-848.3853967	-989.9676775	-1131.549958	-1273.132239	-1414.71452	-1556.2968	-1697.879081
710	1.121962	1.113047667	1.104133333	1.095219	-282.4613448	-424.2440839	-566.0268229	-707.809562	-849.5923011	-991.3750401	-1133.157779	-1274.940518	-1416.723257	-1558.505996	-1700.288735
711	1.113249	1.104477667	1.095706333	1.086935	-282.8730282	-424.8573955	-566.8417627	-708.82613	-850.8104973	-992.7948645	-1134.779232	-1276.763599	-1418.747966	-1560.732334	-1702.716701
712	1.102357	1.093775667	1.085194333	1.076613	-283.287593	-425.4739867	-567.6603803	-709.846774	-852.0331677	-994.2195613	-1136.405955	-1278.592349	-1420.778742	-1562.965136	-1705.15153
713	1.083302	1.075037333	1.066772667	1.058508	-283.71313	-426.1030813	-568.4930327	-710.882984	-853.2729353	-995.6628867	-1138.052838	-1280.442789	-1422.832741	-1565.222692	-1707.612643
714	1.059239	1.050743333	1.042247667	1.033752	-284.1476498	-426.7425985	-569.3375473	-711.932496	-854.5274447	-997.1223935	-1139.717342	-1282.312291	-1424.90724	-1567.502188	-1710.097137
715	1.030081	1.020875333	1.011669667	1.002464	-284.591027	-427.3923753	-570.1937237	-712.995072	-855.7964203	-998.5977687	-1141.399117	-1284.200465	-1427.001814	-1569.803162	-1712.60451
716	1.003367	0.99384	0.984313	0.974786	-285.0295834	-428.0365316	-571.0434798	-714.050428	-857.0573762	-1000.064324	-1143.071273	-1286.078221	-1429.085169	-1572.092117	-1715.099065
717	0.979108	0.969373	0.959638	0.949903	-285.4642948	-428.6762612	-571.8882276	-715.100194	-858.3121604	-1001.524127	-1144.736093	-1287.94806	-1431.160026	-1574.371992	-1717.583959
718	0.962755	0.953336667	0.943918333	0.9345	-285.886049	-429.3010327	-572.7160163	-716.131	-859.5459837	-1002.960967	-1146.375951	-1289.790935	-1433.205918	-1576.620902	-1720.035886
719	0.942903	0.933951	0.924999	0.916047	-286.312163	-429.930744	-573.549325	-717.167906	-860.786487	-1004.405068	-1148.023649	-1291.64223	-1435.260811	-1578.879392	-1722.497973
720	0.92136	0.913281333	0.905202667	0.897124	-286.7391792	-430.5613701	-574.3835611	-718.205752	-862.0279429	-1005.850134	-1149.672325	-1293.494516	-1437.316707	-1581.138898	-1724.961089
721	0.90497	0.896978	0.888986	0.880994	-287.1618132	-431.1872128	-575.2126124	-719.238012	-863.2634116	-1007.288811	-1151.314211	-1295.33961	-1439.36501	-1583.39041	-1727.415809
722	0.897075	0.888153	0.879231	0.870309	-287.5762142	-431.8039368	-576.0316594	-720.259382	-864.4871046	-1008.714827	-1152.94255	-1297.170272	-1441.397995	-1585.625718	-1729.85344
723	0.898831	0.889714	0.880597	0.87148	-287.9744578	-432.4019852	-576.8295126	-721.25704	-865.6845674	-1010.112095	-1154.539622	-1298.96715	-1443.394677	-1587.822204	-1732.249732
724	0.904956	0.895984667	0.887013333	0.878042	-288.3653584	-432.9915443	-577.6177301	-722.243916	-866.8701019	-1011.496288	-1156.122474	-1300.748659	-1445.374845	-1590.001031	-1734.627217
725	0.911078	0.901745667	0.892413333	0.883081	-288.7580872	-433.5833375	-578.4085877	-723.233838	-868.0590883	-1012.884339	-1157.709589	-1302.534839	-1447.360089	-1592.18534	-1737.01059
726	0.915316	0.905735667	0.896155333	0.886575	-289.1530468	-434.1776479	-579.2022489	-724.22685	-869.2514511	-1014.276052	-1159.300653	-1304.325254	-1449.349855	-1594.374456	-1739.399057
727	0.914644	0.905377	0.89611	0.886843	-289.5528596	-434.7773444	-580.0018292	-725.226314	-870.4507988	-1015.675284	-1160.899768	-1306.124253	-1451.348738	-1596.573223	-1741.797708
728	0.919322	0.910543	0.901764	0.892985	-289.9445536	-435.3677124	-580.7908712	-726.21403	-871.6371888	-1017.060348	-1162.483506	-1307.906665	-1453.329824	-1598.752983	-1744.176142
729	0.925553	0.917494333	0.909435667	0.901377	-290.333237	-435.9545733	-581.5759097	-727.197246	-872.8185823	-1018.439919	-1164.061255	-1309.682591	-1455.303928	-1600.925264	-1746.5466
730	0.937111	0.929241333	0.921371667	0.913502	-290.7163754	-436.5352489	-582.3541225	-728.172996	-873.9918695	-1019.810743	-1165.629617	-1311.44849	-1457.267364	-1603.086237	-1748.905111
731	0.953322	0.945410667	0.937499333	0.929588	-291.09383	-437.1094947	-583.1251593	-729.140824	-875.1564887	-1021.172153	-1167.187818	-1313.203483	-1459.219147	-1605.234812	-1751.250477
732	0.971174	0.962189333	0.953204667	0.94422	-291.4727012	-437.6856541	-583.8986071	-730.11156	-876.3245129	-1022.537466	-1168.750419	-1314.963372	-1461.176325	-1607.389278	-1753.602231
733	0.986911	0.977188333	0.967465667	0.957743	-291.8533262	-438.2637221	-584.6741181	-731.084514	-877.4949099	-1023.905306	-1170.315702	-1316.726098	-1463.136494	-1609.54689	-1755.957286
734	1.002653	0.992868	0.983083	0.973298	-292.2315118	-438.8388092	-585.4461066	-732.053404	-878.6607014	-1025.267999	-1171.875296	-1318.482594	-1465.089891	-1611.697188	-1758.304486
735	1.019178	1.009550333	0.999922667	0.990295	-292.6078104	-439.4116769	-586.2155435	-733.01941	-879.8232765	-1026.627143	-1173.43101	-1320.234876	-1467.038743	-1613.842609	-1760.646476
736	1.036516	1.027183	1.01785	1.008517	-292.9824764	-439.9826396	-586.9828028	-733.982966	-880.9831292	-1027.983292	-1174.983456	-1321.983619	-1468.983782	-1615.983945	-1762.984108
737	1.044361	1.035913333	1.027465667	1.019018	-293.3683062	-440.5661921	-587.7640781	-734.961964	-882.1598499	-1029.357736	-1176.555622	-1323.753508	-1470.951394	-1618.14928	-1765.347166
738	1.046355	1.038453667	1.030552333	1.022651	-293.7635478	-441.1605979	-588.5576479	-735.954698	-883.3517481	-1030.748798	-1178.145848	-1325.542898	-1472.939948	-1620.336998	-1767.734048
739	1.055644	1.046849667	1.038055333	1.029261	-294.153758	-441.7496647	-589.3455713	-736.941478	-884.5373847	-1032.133291	-1179.729198	-1327.325105	-1474.921011	-1622.516918	-1770.112825
740	1.061719	1.052959667	1.044200333	1.035441	-294.545127	-442.3397907	-590.1344543	-737.929118	-885.7237817	-1033.518445	-1181.313109	-1329.107773	-1476.902436	-1624.6971	-1772.491764
741	1.062686	1.054746333	1.046806667	1.038867	-294.9408224	-442.9346369	-590.9284515	-738.922266	-886.9160805	-1034.909895	-1182.90371	-1330.897524	-1478.891339	-1626.885153	-1774.878968
742	1.068081	1.059048333	1.050015667	1.040983	-295.3372042	-443.5308141	-591.7244241	-739.918034	-888.1116439	-1036.305254	-1184.498864	-1332.692474	-1480.886084	-1629.079694	-1777.273304
743	1.073822	1.064156	1.05449	1.044824	-295.7314468	-444.1244152	-592.5173836	-740.910352	-889.3033204	-1037.696289	-1186.089257	-1334.482226	-1482.875194	-1631.268162	-1779.661131
744	1.074358	1.066832	1.059306	1.05178	-296.1229924	-444.7141416	-593.3052908	-741.89644	-890.4875892	-1039.078738	-1187.669888	-1336.261037	-1484.852186	-1633.443335	-1782.034484
745	1.074043	1.066777667	1.059512333	1.052247	-296.522495	-445.3134987	-594.1045023	-742.895506	-891.6865097	-1040.477513	-1189.268517	-1338.059521	-1486.850524	-1635.641528	-1784.432532
746	1.074968	1.066410333	1.057852667	1.049295	-296.9258524	-445.9177049	-594.9095575	-743.90141	-892.8932625	-1041.885115	-1190.876968	-1339.86882	-1488.860673	-1637.852525	-1786.844378
747	1.076416	1.067407333	1.058398667	1.04939	-297.3254488	-446.5173725	-595.7092963	-744.90122	-894.0931437	-1043.285067	-1192.476991	-1341.668915	-1490.860839	-1640.052762	-1789.244686
748	1.074927	1.065809667	1.056692333	1.047575	-297.7279246	-447.1202331	-596.5125415	-745.90485	-895.2971585	-1044.689467	-1194.081775	-1343.474084	-1492.866392	-1642.258701	-1791.651009
749	1.068986	1.060457333	1.051928667	1.0434	-298.1341228	-447.7271485	-597.3201743	-746.9132	-896.5062257	-1046.099251	-1195.692277	-1345.285303	-1494.878329	-1644.471354	-1794.06438
750	1.067565	1.059593667	1.051622333	1.043651	-298.5341058	-448.3269699	-598.1198339	-747.912698	-897.7055621	-1047.498426	-1197.29129	-1347.084154	-1496.877018	-1646.669882	-1796.462746
751	1.066818	1.059399333	1.051980667	1.044562	-298.933162	-448.9257333	-598.9183047	-748.910876	-898.9034473	-1048.896019	-1198.88859	-1348.881161	-1498.873733	-1648.866304	-1798.858875
752	1.052692	1.045740667	1.038789333	1.031838	-299.351256	-449.5462787	-599.7413013	-749.936324	-900.1313467	-1050.326369	-1200.521392	-1350.716415	-1500.911437	-1651.10646	-1801.301483
753	1.033057	1.026606667	1.020156333	1.013706	-299.7769414	-450.1754903	-600.5740391	-750.972588	-901.3711369	-1051.769686	-1202.168235	-1352.566783	-1502.965332	-1653.363881	-1803.76243
754	1.007935	1.002021333	0.996107667	0.990194	-300.2101802	-450.8133241	-601.4164681	-752.019612	-902.6227559	-1053.2259	-1203.829044	-1354.432188	-1505.035332	-1655.638476	-1806.24162
755	0.953556	0.947193	0.94083	0.934467	-300.6879284	-451.5023076	-602.3166868	-753.131066	-903.9454452	-1054.759824	-1205.574204	-1356.388583	-1507.202962	-1658.017341	-1808.83172
756	0.88748	0.880456333	0.873432667	0.866409	-301.1828132	-452.2109361	-603.2390591	-754.267182	-905.2953049	-1056.323428	-1207.351551	-1358.379674	-1509.407797	-1660.43592	-1811.464043
757	0.819018	0.811848667	0.804679333	0.79751	-301.6791844	-452.9211163	-604.1630481	-755.40498	-906.6469119	-1057.888844	-1209.130776	-1360.372707	-1511.614639	-1662.856571	-1814.098503
758	0.759053	0.751387	0.743721	0.736055	-302.1649234	-453.6192456	-605.0735678	-756.52789	-907.9822122	-1059.436534	-1210.890857	-1362.345179	-1513.799501	-1665.253823	-1816.708145
759	0.704855	0.696427	0.687999	0.679571	-302.6435438	-454.3093152	-605.9750866	-757.640858	-909.3066294	-1060.972401	-1212.638172	-1364.303944	-1515.969715	-1667.635486	-1819.301258
760	0.661753	0.654819	0.647885	0.640951	-303.0985082	-454.9717048	-606.8449014	-758.718098	-910.5912946	-1062.464491	-1214.337688	-1366.210884	-1518.084081	-1669.957278	-1821.830474
761	0.627368	0.621296333	0.615224667	0.609153	-303.5435428	-455.6229265	-607.7023103	-759.781694	-911.8610777	-1063.940461	-1216.019845	-1368.099229	-1520.178613	-1672.257996	-1824.33738
762	0.608274	0.601932667	0.595591333	0.58925	-303.9712452	-456.2546635	-608.5380817	-760.8215	-913.1049183	-1065.388337	-1217.671755	-1369.955173	-1522.238591	-1674.52201	-1826.805428
763	0.628506	0.621799333	0.615092667	0.608386	-304.3442356	-456.8238997	-609.3035639	-761.783228	-914.2628921	-1066.742556	-1219.22222	-1371.701885	-1524.181549	-1676.661213	-1829.140877
764	0.664355	0.657289667	0.650224333	0.643159	-304.6953382	-457.3681195	-610.0409007	-762.713682	-915.3864633	-1068.059245	-1220.732026	-1373.404807	-1526.077588	-1678.75037	-1831.423151
765	0.728167	0.720745	0.713323	0.705901	-305.0072854	-457.8675896	-610.7278938	-763.588198	-916.4485022	-1069.308806	-1222.169111	-1375.029415	-1527.889719	-1680.750023	-1833.610327
766	0.791351	0.783781	0.776211	0.768641	-305.3193606	-458.3671464	-611.4149322	-764.462718	-917.5105038	-1070.55829	-1223.606075	-1376.653861	-1529.701647	-1682.749433	-1835.797219
767	0.852506	0.844898333	0.837290667	0.829683	-305.6338792	-458.8694641	-612.1050491	-765.340634	-918.5762189	-1071.811804	-1225.047389	-1378.282974	-1531.518559	-1684.754144	-1837.989729
768	0.904814	0.89723	0.889646	0.882062	-305.9605628	-459.3856672	-612.8107716	-766.235876	-919.6609804	-1073.086085	-1226.511189	-1379.936294	-1533.361398	-1686.786502	-1840.211607
769	0.947973	0.940047	0.932121	0.924195	-306.3013714	-459.9181176	-613.5348638	-767.15161	-920.7683562	-1074.385102	-1228.001849	-1381.618595	-1535.235341	-1688.852087	-1842.468833
770	0.984261	0.975887667	0.967514333	0.959141	-306.6521786	-460.4620251	-614.2718715	-768.081718	-921.8915645	-1075.701411	-1229.511257	-1383.321104	-1537.13095	-1690.940797	-1844.750643
771	0.99688	0.990734667	0.984589333	0.978444	-307.0264912	-461.0320315	-615.0375717	-769.043112	-923.0486523	-1077.054193	-1231.059733	-1385.065273	-1539.070813	-1693.076354	-1847.081894
772	1.008173	1.001992333	0.995811667	0.989631	-307.4108082	-461.6141181	-615.8174281	-770.020738	-924.2240479	-1078.427358	-1232.630668	-1386.833978	-1541.037288	-1695.240598	-1849.443908
773	1.017066	1.008823667	1.000581333	0.992339	-307.80578	-462.2089607	-616.6121413	-771.015322	-925.4185027	-1079.821683	-1234.224864	-1388.628045	-1543.031225	-1697.434406	-1851.837587
774	1.020036	1.013107	1.006178	0.999249	-308.196894	-462.79843	-617.399966	-772.001502	-926.603038	-1081.204574	-1235.80611	-1390.407646	-1545.009182	-1699.610718	-1854.212254
775	1.021474	1.015081667	1.008689333	1.002297	-308.5929488	-463.3937679	-618.1945869	-772.995406	-927.7962251	-1082.597044	-1237.397863	-1392.198682	-1546.999501	-1701.80032	-1856.601139
776	1.021198	1.014532	1.007866	1.0012	-308.9943204	-463.9954136	-618.9965068	-773.9976	-928.9986932	-1083.999786	-1239.00088	-1394.001973	-1549.003066	-1704.004159	-1859.005252
777	1.020122	1.013755667	1.007389333	1.001023	-309.394748	-464.5958167	-619.7968853	-774.997954	-930.1990227	-1085.400091	-1240.60116	-1395.802229	-1551.003297	-1706.204366	-1861.405435
778	1.017889	1.011399667	1.004910333	0.998421	-309.798317	-465.1999307	-620.6015443	-776.003158	-931.4047717	-1086.806385	-1242.207999	-1397.609613	-1553.011226	-1708.41284	-1863.814454
779	1.014255	1.007202	1.000149	0.993096	-310.2054338	-465.8082252	-621.4110166	-777.013808	-932.6165994	-1088.219391	-1243.822182	-1399.424974	-1555.027765	-1710.630556	-1866.233348
780	1.010982	1.004131	0.99728	0.990429	-310.6092888	-466.4125732	-622.2158576	-778.019142	-933.8224264	-1089.625711	-1245.428995	-1401.23228	-1557.035564	-1712.838848	-1868.642133
